521
33
477
600 152
220
976
531
904 53
448
914
323
221 419
374
205
556
431
575
548 586
397
235
741
869
730
441
325
829
762 731
631 637
658
667
378
823
520
312
175 717
630 676
342
425
412
384 269
510 498
239
868 246
82 206
975
332
668 85
660 599
640
343 432
710 161
346
591
850
487 143
978
37 911
439
63
140
62
560
177
446
128 55
922
789 271
669
865
359 876
786
834 492
193
965 967
815
605
328
218 810
595 758
278
299
998
142
501 250
73
743
812
554
763 288
650
845
610
165 622
355 805
926
502
534 188
712
594
830
972
801 701
855
490 988
792
539
729
679
887
629
768
80 12
479
963
167
208
115 182
770 703
485
292
648
509
9
644
364
81
450
228
281
231 99
415 846
211
87
150 88
779
995 744
314
894 8
15 114
19
108 204
262 661
341 796
13
567
118 183
127
217
550
553 372
721 469
588
645
149
546
181
254
728
286
339 511
401 344
153 392
287
847 409
320
470 105
44 458
472
725
10 837
38
101 521
543 795
581 861
195 615
732
619 31
67 155
802
962
969
723
404
620 200
739
814 243
277
836
706
50
216
468
740 413
247
145
481 665
890
275
26 386
513 817
438 52
670 735
447 840
201
480
387
555
381
942
329
256 686
475 524
856 991
775
402 522
924
889
950
461 236
623
576
929 130
139
508
714 873
23
960 422
867
799
561
559
302
617 49
327 394
304 751
746
913
482 137
877
982 270
993 544
954
939
5
133 410
148
411
34
433
994
313
90
4
11
349
138 72
454 726
452 368
376 383
89
92
370
296
166
504
424 307
541
457
803
451
423
756
899
494 716
800 912
444 318
537 808
956 977
348
551
467
134 455
429
757
129 765
30 93
777
704
832 881
858 345
677
144 835
525 388
794 518
40 157
21
860
891 147
932 697
106
98
70
265
35
414 562
202
32 156
456
371 259
48
688
907
285 760
641
947 321
499
532
227 825
500
443 705
951
244 625
305
297 407
862 643
530
382 572
841 903
462
583 662
350 937
120
463
905
736
675 915
653 124
189
373 571
393
992
627
614
872 151
936
896
664 984
251
663
25
6 528
436
584
986
573 252
435
900
833 681
853 199
3
273 857
347
953 426
36 405
111
173 336
391
159
146 459
434 695
671
474 290
272
609 76
566 437
870
547 879
878
245
831
516
47 123
952 866
820
65 365
921
533
737 226
172 375
61 943
888
973 96
624 238
421
102 126
718
60
233
358
460
198 171
338 168
95 163
987
369
920 478
234 495
406
970
39
465 503
160 711
944
311
261
400
225
229
232
863
255
267
596
579 266
279
178
362
353 684
582 930
563 958
483
769 385
719
29
442
657 818
585 116
687
529 715
59 949
7
517 651
852
604
577 590
222
514
906
753 996
428 628
821
46 838
774 390
240
935
709 957
886
71 2
759 214
875
119 919
223 224
839
440
724
309
536
283
580 601
593
303
776
57 632
849
727
908
66 927
918 882
816 215
209
811
990 871
257 773
337 248
574
931
611
377
781 484
356
335 608
158 291
489
793 910
633 399
680
742
713
822
897 806
666 185
69 542
785
237 618
733
64 466
702
828 961
790
842
417 552
874
917
824 476
848
230
928 306
324 945
190 445
941 54
16
135